$MeshFormat
4.1 0 8
$EndMeshFormat
$PhysicalNames
6
1 128 "NaturalBoundary1"
1 129 "NaturalBoundary2"
1 130 "EssentialBoundary"
2 123 "Heads"
2 124 "Handle1"
2 125 "Handle2"
$EndPhysicalNames
$Entities
81 143 72 8
66 -20.92543957108618 -5.5 0 0 
67 -46.9056672212367 -13.33333333036015 0 0 
68 29.87788478609392 -5.5 0 0 
69 -46.90566723597993 13.33333334013971 0 0 
70 44.82611553824563 -11.02000007493215 0 0 
71 -20.92543970126334 5.5 0 0 
72 44.82611536142387 11.01999992372091 0 0 
73 29.87788476153631 5.5 0 0 
74 -27.5 -3.25 0 0 
75 27.5 -3.25 0 0 
76 30.75 0 0 0 
77 27.5 3.25 0 0 
78 -27.5 3.25 0 0 
79 52.13446335667109 6.150211957550822 0 0 
80 64.74471022340364 10.0055513254787 0 0 
81 68.54554238479916 -2.426410502040515 0 0 
82 55.93529551806671 -6.281749869968775 0 0 
83 -49.59630457404682 -7.007006434074835 0 0 
84 -66.22797388796032 -12.09181802721268 0 0 
85 -71.19829286824671 4.165362824158498 0 0 
86 -54.56662355433322 9.250174417296369 0 0 
87 27.5 3.25 0.8 0 
88 -27.5 3.25 0.8 0 
89 -27.5 -3.25 0.8 0 
90 27.5 -3.25 0.8 0 
91 30.75 0 0.8 0 
92 27.5 3.25 -0.8 0 
93 -27.5 3.25 -0.8 0 
94 -27.5 -3.25 -0.8 0 
95 27.5 -3.25 -0.8 0 
96 30.75 0 -0.8 0 
97 -20.92543957108618 -5.5 1.5 0 
98 -46.9056672212367 -13.33333333036015 1.5 0 
99 29.87788478609392 -5.5 1.5 0 
100 -46.90566723597993 13.33333334013971 1.5 0 
101 44.82611553824563 -11.02000007493215 1.5 0 
102 -20.92543970126334 5.5 1.5 0 
103 44.82611536142387 11.01999992372091 1.5 0 
104 29.87788476153631 5.5 1.5 0 
105 -27.5 -3.25 1.5 0 
106 27.5 -3.25 1.5 0 
107 30.75 0 1.5 0 
108 27.5 3.25 1.5 0 
109 -27.5 3.25 1.5 0 
110 -20.92543957108618 -5.5 -1.5 0 
111 -46.9056672212367 -13.33333333036015 -1.5 0 
112 29.87788478609392 -5.5 -1.5 0 
113 -46.90566723597993 13.33333334013971 -1.5 0 
114 44.82611553824563 -11.02000007493215 -1.5 0 
115 -20.92543970126334 5.5 -1.5 0 
116 44.82611536142387 11.01999992372091 -1.5 0 
117 29.87788476153631 5.5 -1.5 0 
118 -27.5 -3.25 -1.5 0 
119 27.5 -3.25 -1.5 0 
120 30.75 0 -1.5 0 
121 27.5 3.25 -1.5 0 
122 -27.5 3.25 -1.5 0 
123 -49.59630457404682 -7.007006434074835 2.5 0 
124 -66.22797388796032 -12.09181802721268 2.5 0 
125 -46.9056672212367 -13.33333333036015 2.5 0 
126 -46.90566723597993 13.33333334013971 2.5 0 
127 -71.19829286824671 4.165362824158498 2.5 0 
128 -54.56662355433322 9.250174417296369 2.5 0 
129 52.13446335667109 6.150211957550822 2.5 0 
130 64.74471022340364 10.0055513254787 2.5 0 
131 44.82611536142387 11.01999992372091 2.5 0 
132 44.82611553824563 -11.02000007493215 2.5 0 
133 68.54554238479916 -2.426410502040515 2.5 0 
134 55.93529551806671 -6.281749869968775 2.5 0 
135 -49.59630457404682 -7.007006434074835 -2.5 0 
136 -66.22797388796032 -12.09181802721268 -2.5 0 
137 -46.9056672212367 -13.33333333036015 -2.5 0 
138 -46.90566723597993 13.33333334013971 -2.5 0 
139 -71.19829286824671 4.165362824158498 -2.5 0 
140 -54.56662355433322 9.250174417296369 -2.5 0 
141 52.13446335667109 6.150211957550822 -2.5 0 
142 64.74471022340364 10.0055513254787 -2.5 0 
143 44.82611536142387 11.01999992372091 -2.5 0 
144 44.82611553824563 -11.02000007493215 -2.5 0 
145 68.54554238479916 -2.426410502040515 -2.5 0 
146 55.93529551806671 -6.281749869968775 -2.5 0 
105 -46.9056673212367 -13.33333343036015 -1e-07 -20.92543947108618 -5.4999999 1e-07 0 2 66 -67 
106 -20.92543967108617 -5.5000001 -1e-07 29.87788488609392 -5.4999999 1e-07 0 2 66 -68 
107 -46.90566733597993 -13.33333343036016 -1.000000053290705e-07 -39.74999989999999 13.33333344013971 1.000000053290705e-07 0 2 69 -67 
108 29.87788468609392 -11.02000017493215 -1e-07 44.82611563824563 -5.4999999 1e-07 0 2 70 -68 
109 -46.90566733597993 5.4999999 -1e-07 -20.92543960126334 13.33333344013971 1e-07 0 2 69 -71 
110 39.74999989999999 -11.02000017493216 -1.000000073241069e-07 44.82611563824564 11.02000002372091 1.000000073241069e-07 0 2 70 -72 
111 -20.92543980126334 5.4999999 -1e-07 29.87788486153631 5.5000001 1e-07 0 2 73 -71 
112 29.87788466153631 5.4999999 -1e-07 44.82611546142387 11.02000002372091 1e-07 0 2 73 -72 
113 -27.5000001 -3.2500001 -1e-07 27.5000001 -3.2499999 1e-07 0 2 74 -75 
114 27.4999999 -3.250000100000001 -1.000000006661338e-07 30.7500001 9.999999983634211e-08 1.000000006661338e-07 0 2 75 -76 
115 27.4999999 -1.000000009465651e-07 -1.000000008881784e-07 30.7500001 3.250000100000001 1.000000008881784e-07 0 2 76 -77 
116 -27.5000001 3.2499999 -1e-07 27.5000001 3.2500001 1e-07 0 2 77 -78 
117 -30.7500001 -3.2500001 -1e-07 -27.4999999 3.2500001 1e-07 0 2 78 -74 
118 52.13446325667109 6.150211857550822 -1e-07 64.74471032340364 10.0055514254787 1e-07 0 2 79 -80 
119 44.82611526142387 10.00555122547867 -1e-07 64.74471032340359 14.5000001 1e-07 1 129 2 80 -72 
120 44.82611543824563 -14.5000001 -1e-07 68.54554248479909 -2.42641040204051 1e-07 0 2 70 -81 
121 55.93529541806671 -6.281749969968775 -1e-07 68.54554248479916 -2.426410402040515 1e-07 0 2 81 -82 
122 50.98782843577821 -6.281749969968821 -1e-07 55.93529561806669 6.150212057550847 1e-07 0 2 82 -79 
123 -66.22797398796031 -12.09181812721268 -1e-07 -49.59630447404682 -7.007006334074835 1e-07 1 130 2 83 -84 
124 -66.22797398796024 -16.0000001 -1e-07 -46.9056671212367 -12.09181792721259 1e-07 0 2 84 -67 
125 -71.19829296824659 4.165362724158472 -1e-07 -46.90566713597993 16.0000001 1e-07 0 2 69 -85 
126 -71.1982929682467 4.165362724158498 -1e-07 -54.56662345433322 9.250174517296369 1e-07 1 130 2 85 -86 
127 -54.56662365433329 -7.007006534074778 -1e-07 -48.48782843577821 9.250174517296257 1e-07 0 2 86 -83 
128 27.4999999 3.249999899999999 -1.00000000891054e-07 27.5000001 3.250000100000001 0.8000001000000009 0 2 77 -87 
129 -27.5000001 3.2499999 -1.000000000028756e-07 -27.4999999 3.2500001 0.8000001 0 2 78 -88 
130 -27.5000001 3.2499999 0.7999999000000001 27.5000001 3.2500001 0.8000001 0 2 87 -88 
131 -27.5000001 -3.2500001 -1.000000000028756e-07 -27.4999999 -3.2499999 0.8000001 0 2 74 -89 
132 -30.7500001 -3.2500001 0.7999999000000001 -27.4999999 3.2500001 0.8000001 0 2 88 -89 
133 27.4999999 -3.250000100000001 -1.000000006690094e-07 27.5000001 -3.249999899999999 0.8000001000000007 0 2 75 -90 
134 -27.5000001 -3.2500001 0.7999999000000001 27.5000001 -3.2499999 0.8000001 0 2 89 -90 
135 30.7499999 -1.000000008881784e-07 -1.00000000891054e-07 30.7500001 1.000000008881784e-07 0.8000001000000009 0 2 76 -91 
136 27.4999999 -3.250000100000001 0.7999998999999994 30.7500001 9.999999983634211e-08 0.8000001000000007 0 2 90 -91 
137 27.4999999 -1.000000009465651e-07 0.7999998999999992 30.7500001 3.250000100000001 0.8000001000000009 0 2 91 -87 
138 27.4999999 3.249999899999999 -0.8000001000000009 27.5000001 3.250000100000001 1.00000000891054e-07 0 2 77 -92 
139 -27.5000001 3.2499999 -0.8000001 -27.4999999 3.2500001 1.000000000028756e-07 0 2 78 -93 
140 -27.5000001 3.2499999 -0.8000001 27.5000001 3.2500001 -0.7999999000000001 0 2 92 -93 
141 -27.5000001 -3.2500001 -0.8000001 -27.4999999 -3.2499999 1.000000000028756e-07 0 2 74 -94 
142 -30.7500001 -3.2500001 -0.8000001 -27.4999999 3.2500001 -0.7999999000000001 0 2 93 -94 
143 27.4999999 -3.250000100000001 -0.8000001000000007 27.5000001 -3.249999899999999 1.000000006690094e-07 0 2 75 -95 
144 -27.5000001 -3.2500001 -0.8000001 27.5000001 -3.2499999 -0.7999999000000001 0 2 94 -95 
145 30.7499999 -1.000000008881784e-07 -0.8000001000000009 30.7500001 1.000000008881784e-07 1.00000000891054e-07 0 2 76 -96 
146 27.4999999 -3.250000100000001 -0.8000001000000007 30.7500001 9.999999983634211e-08 -0.7999998999999994 0 2 95 -96 
147 27.4999999 -1.000000009465651e-07 -0.8000001000000009 30.7500001 3.250000100000001 -0.7999998999999992 0 2 96 -92 
148 -20.92543970257012 -5.500000131483944 -1.314839440658133e-07 -20.92543943960223 -5.499999868516056 1.500000131483944 0 2 66 -97 
149 -46.90571657655068 -13.33338268567414 -4.935531398575499e-05 -46.90561786592271 -13.33328397504617 1.500049355313986 0 2 67 -98 
150 -46.9056673212367 -13.33333343036015 1.4999999 -20.92543947108618 -5.4999999 1.5000001 0 2 97 -98 
151 29.87788468609391 -5.500000100000007 -1.000000070527918e-07 29.87788488609393 -5.499999899999993 1.500000100000007 0 2 68 -99 
152 -20.92543967108617 -5.5000001 1.4999999 29.87788488609392 -5.4999999 1.5000001 0 2 97 -99 
153 -46.90571659829775 13.33328397782189 -4.936231782182166e-05 -46.9056178736621 13.33338270245753 1.500049362317822 0 2 69 -100 
154 -46.90566733597993 -13.33333343036016 1.499999899999995 -39.74999989999999 13.33333344013971 1.500000100000005 0 2 100 -98 
155 44.82607305914043 -11.02004255403735 -4.247910519672438e-05 44.82615801735083 -11.01995759582695 1.500042479105197 0 2 70 -101 
156 29.87788468609392 -11.02000017493215 1.4999999 44.82611563824563 -5.4999999 1.5000001 0 2 101 -99 
157 -20.92543980126334 5.4999999 -9.999999994736442e-08 -20.92543960126334 5.5000001 1.5000001 0 2 71 -102 
158 -46.90566733597993 5.4999999 1.4999999 -20.92543960126334 13.33333344013971 1.5000001 0 2 100 -102 
159 44.82607288441185 11.01995744670889 -4.247701201876009e-05 44.82615783843588 11.02004240073293 1.500042477012019 0 2 72 -103 
160 39.74999989999999 -11.02000017493216 1.499999899999993 44.82611563824564 11.02000002372091 1.500000100000007 0 2 101 -103 
161 29.8778846615363 5.499999899999993 -1.000000070527918e-07 29.87788486153632 5.500000100000007 1.500000100000007 0 2 73 -104 
162 -20.92543980126334 5.4999999 1.4999999 29.87788486153631 5.5000001 1.5000001 0 2 104 -102 
163 29.87788466153631 5.4999999 1.4999999 44.82611546142387 11.02000002372091 1.5000001 0 2 104 -103 
164 -27.5000001 -3.2500001 -9.999999994736442e-08 -27.4999999 -3.2499999 1.5000001 0 2 74 -105 
165 27.4999999 -3.250000100000001 -1.000000006134982e-07 27.5000001 -3.249999899999999 1.500000100000001 0 2 75 -106 
166 -27.5000001 -3.2500001 1.4999999 27.5000001 -3.2499999 1.5000001 0 2 105 -106 
167 30.7499999 -1.000000008881784e-07 -1.000000008355428e-07 30.7500001 1.000000008881784e-07 1.500000100000001 0 2 76 -107 
168 27.4999999 -3.250000100000001 1.499999899999999 30.7500001 9.999999983634211e-08 1.500000100000001 0 2 106 -107 
169 27.4999999 3.249999899999999 -1.000000008355428e-07 27.5000001 3.250000100000001 1.500000100000001 0 2 77 -108 
170 27.4999999 -1.000000009465651e-07 1.499999899999999 30.7500001 3.250000100000001 1.500000100000001 0 2 107 -108 
171 -27.5000001 3.2499999 -9.999999994736442e-08 -27.4999999 3.2500001 1.5000001 0 2 78 -109 
172 -27.5000001 3.2499999 1.4999999 27.5000001 3.2500001 1.5000001 0 2 108 -109 
173 -30.7500001 -3.2500001 1.4999999 -27.4999999 3.2500001 1.5000001 0 2 109 -105 
174 -20.92543970257012 -5.500000131483944 -1.500000131483944 -20.92543943960223 -5.499999868516056 1.314839440658133e-07 0 2 66 -110 
175 -46.90571657655068 -13.33338268567414 -1.500049355313986 -46.90561786592271 -13.33328397504617 4.935531398575499e-05 0 2 67 -111 
176 -46.9056673212367 -13.33333343036015 -1.5000001 -20.92543947108618 -5.4999999 -1.4999999 0 2 110 -111 
177 29.87788468609391 -5.500000100000007 -1.500000100000007 29.87788488609393 -5.499999899999993 1.000000070527918e-07 0 2 68 -112 
178 -20.92543967108617 -5.5000001 -1.5000001 29.87788488609392 -5.4999999 -1.4999999 0 2 110 -112 
179 -46.90571659829775 13.33328397782189 -1.500049362317822 -46.9056178736621 13.33338270245753 4.936231782182166e-05 0 2 69 -113 
180 -46.90566733597993 -13.33333343036016 -1.500000100000005 -39.74999989999999 13.33333344013971 -1.499999899999995 0 2 113 -111 
181 44.82607305914043 -11.02004255403735 -1.500042479105197 44.82615801735083 -11.01995759582695 4.247910519672438e-05 0 2 70 -114 
182 29.87788468609392 -11.02000017493215 -1.5000001 44.82611563824563 -5.4999999 -1.4999999 0 2 114 -112 
183 -20.92543980126334 5.4999999 -1.5000001 -20.92543960126334 5.5000001 9.999999994736442e-08 0 2 71 -115 
184 -46.90566733597993 5.4999999 -1.5000001 -20.92543960126334 13.33333344013971 -1.4999999 0 2 113 -115 
185 44.82607288441185 11.01995744670889 -1.500042477012019 44.82615783843588 11.02004240073293 4.247701201876009e-05 0 2 72 -116 
186 39.74999989999999 -11.02000017493216 -1.500000100000007 44.82611563824564 11.02000002372091 -1.499999899999993 0 2 114 -116 
187 29.8778846615363 5.499999899999993 -1.500000100000007 29.87788486153632 5.500000100000007 1.000000070527918e-07 0 2 73 -117 
188 -20.92543980126334 5.4999999 -1.5000001 29.87788486153631 5.5000001 -1.4999999 0 2 117 -115 
189 29.87788466153631 5.4999999 -1.5000001 44.82611546142387 11.02000002372091 -1.4999999 0 2 117 -116 
190 -27.5000001 -3.2500001 -1.5000001 -27.4999999 -3.2499999 9.999999994736442e-08 0 2 74 -118 
191 27.4999999 -3.250000100000001 -1.500000100000001 27.5000001 -3.249999899999999 1.000000006134982e-07 0 2 75 -119 
192 -27.5000001 -3.2500001 -1.5000001 27.5000001 -3.2499999 -1.4999999 0 2 118 -119 
193 30.7499999 -1.000000008881784e-07 -1.500000100000001 30.7500001 1.000000008881784e-07 1.000000008355428e-07 0 2 76 -120 
194 27.4999999 -3.250000100000001 -1.500000100000001 30.7500001 9.999999983634211e-08 -1.499999899999999 0 2 119 -120 
195 27.4999999 3.249999899999999 -1.500000100000001 27.5000001 3.250000100000001 1.000000008355428e-07 0 2 77 -121 
196 27.4999999 -1.000000009465651e-07 -1.500000100000001 30.7500001 3.250000100000001 -1.499999899999999 0 2 120 -121 
197 -27.5000001 3.2499999 -1.5000001 -27.4999999 3.2500001 9.999999994736442e-08 0 2 78 -122 
198 -27.5000001 3.2499999 -1.5000001 27.5000001 3.2500001 -1.4999999 0 2 121 -122 
199 -30.7500001 -3.2500001 -1.5000001 -27.4999999 3.2500001 -1.4999999 0 2 122 -118 
200 -49.59630467404703 -7.007006534075043 -1.000002078921369e-07 -49.59630447404661 -7.007006334074627 2.500000100000208 0 2 83 -123 
201 -66.22797398796054 -12.0918181272129 -1.000002212148132e-07 -66.2279737879601 -12.09181792721246 2.500000100000221 0 2 84 -124 
202 -66.22797398796031 -12.09181812721268 2.4999999 -49.59630447404682 -7.007006334074835 2.5000001 0 2 123 -124 
203 -46.90571657655068 -13.33338268567414 -4.935531398575499e-05 -46.90561786592271 -13.33328397504617 2.500049355313986 0 2 67 -125 
204 -66.22797398796024 -16.0000001 2.4999999 -46.9056671212367 -12.09181792721259 2.5000001 0 2 124 -125 
205 -46.90571659829775 13.33328397782189 -4.936231782171063e-05 -46.9056178736621 13.33338270245753 2.500049362317822 0 2 69 -126 
206 -46.90566733597993 -13.33333343036016 2.499999899999995 -39.74999989999999 13.33333344013971 2.500000100000005 0 2 126 -125 
207 -71.19829296824693 4.165362724158272 -1.000002256557053e-07 -71.19829276824649 4.165362924158724 2.500000100000225 0 2 85 -127 
208 -71.19829296824659 4.165362724158472 2.4999999 -46.90566713597993 16.0000001 2.5000001 0 2 126 -127 
209 -54.56662365433343 9.25017431729616 -1.000002096684938e-07 -54.56662345433301 9.250174517296578 2.500000100000209 0 2 86 -128 
210 -71.1982929682467 4.165362724158498 2.4999999 -54.56662345433322 9.250174517296369 2.5000001 0 2 127 -128 
211 -54.56662365433329 -7.007006534074778 2.4999999 -48.48782843577821 9.250174517296257 2.5000001 0 2 128 -123 
212 52.13446325667102 6.150211857550751 -1.000000715567495e-07 52.13446345667116 6.150212057550894 2.500000100000071 0 2 79 -129 
213 64.74471012340352 10.00555122547858 -1.00000119074295e-07 64.74471032340377 10.00555142547882 2.500000100000119 0 2 80 -130 
214 52.13446325667109 6.150211857550822 2.4999999 64.74471032340364 10.0055514254787 2.5000001 0 2 129 -130 
215 44.82607288441185 11.01995744670889 -4.247701201864906e-05 44.82615783843588 11.02004240073293 2.500042477012019 0 2 72 -131 
216 44.82611526142387 10.00555122547867 2.4999999 64.74471032340359 14.5000001 2.5000001 0 2 130 -131 
217 44.82607305914043 -11.02004255403735 -4.247910519672438e-05 44.82615801735083 -11.01995759582695 2.500042479105197 0 2 70 -132 
218 39.74999989999999 -11.02000017493216 2.499999899999993 44.82611563824564 11.02000002372091 2.500000100000007 0 2 132 -131 
219 68.54554228479903 -2.426410602040646 -1.000001315087928e-07 68.5455424847993 -2.426410402040383 2.500000100000131 0 2 81 -133 
220 44.82611543824563 -14.5000001 2.4999999 68.54554248479909 -2.42641040204051 2.5000001 0 2 132 -133 
221 55.93529541806664 -6.281749969968845 -1.000000702244819e-07 55.93529561806678 -6.281749769968704 2.50000010000007 0 2 82 -134 
222 55.93529541806671 -6.281749969968775 2.4999999 68.54554248479916 -2.426410402040515 2.5000001 0 2 133 -134 
223 50.98782843577821 -6.281749969968821 2.4999999 55.93529561806669 6.150212057550847 2.5000001 0 2 134 -129 
224 -49.59630467404703 -7.007006534075043 -2.500000100000208 -49.59630447404661 -7.007006334074627 1.000002078921369e-07 0 2 83 -135 
225 -66.22797398796054 -12.0918181272129 -2.500000100000221 -66.2279737879601 -12.09181792721246 1.000002212148132e-07 0 2 84 -136 
226 -66.22797398796031 -12.09181812721268 -2.5000001 -49.59630447404682 -7.007006334074835 -2.4999999 0 2 135 -136 
227 -46.90571657655068 -13.33338268567414 -2.500049355313986 -46.90561786592271 -13.33328397504617 4.935531398575499e-05 0 2 67 -137 
228 -66.22797398796024 -16.0000001 -2.5000001 -46.9056671212367 -12.09181792721259 -2.4999999 0 2 136 -137 
229 -46.90571659829775 13.33328397782189 -2.500049362317822 -46.9056178736621 13.33338270245753 4.936231782171063e-05 0 2 69 -138 
230 -46.90566733597993 -13.33333343036016 -2.500000100000005 -39.74999989999999 13.33333344013971 -2.499999899999995 0 2 138 -137 
231 -71.19829296824693 4.165362724158272 -2.500000100000225 -71.19829276824649 4.165362924158724 1.000002256557053e-07 0 2 85 -139 
232 -71.19829296824659 4.165362724158472 -2.5000001 -46.90566713597993 16.0000001 -2.4999999 0 2 138 -139 
233 -54.56662365433343 9.25017431729616 -2.500000100000209 -54.56662345433301 9.250174517296578 1.000002096684938e-07 0 2 86 -140 
234 -71.1982929682467 4.165362724158498 -2.5000001 -54.56662345433322 9.250174517296369 -2.4999999 0 2 139 -140 
235 -54.56662365433329 -7.007006534074778 -2.5000001 -48.48782843577821 9.250174517296257 -2.4999999 0 2 140 -135 
236 52.13446325667102 6.150211857550751 -2.500000100000071 52.13446345667116 6.150212057550894 1.000000715567495e-07 0 2 79 -141 
237 64.74471012340352 10.00555122547858 -2.500000100000119 64.74471032340377 10.00555142547882 1.00000119074295e-07 0 2 80 -142 
238 52.13446325667109 6.150211857550822 -2.5000001 64.74471032340364 10.0055514254787 -2.4999999 0 2 141 -142 
239 44.82607288441185 11.01995744670889 -2.500042477012019 44.82615783843588 11.02004240073293 4.247701201864906e-05 0 2 72 -143 
240 44.82611526142387 10.00555122547867 -2.5000001 64.74471032340359 14.5000001 -2.4999999 0 2 142 -143 
241 44.82607305914043 -11.02004255403735 -2.500042479105197 44.82615801735083 -11.01995759582695 4.247910519672438e-05 0 2 70 -144 
242 39.74999989999999 -11.02000017493216 -2.500000100000007 44.82611563824564 11.02000002372091 -2.499999899999993 0 2 144 -143 
243 68.54554228479903 -2.426410602040646 -2.500000100000131 68.5455424847993 -2.426410402040383 1.000001315087928e-07 0 2 81 -145 
244 44.82611543824563 -14.5000001 -2.5000001 68.54554248479909 -2.42641040204051 -2.4999999 0 2 144 -145 
245 55.93529541806664 -6.281749969968845 -2.50000010000007 55.93529561806678 -6.281749769968704 1.000000702244819e-07 0 2 82 -146 
246 55.93529541806671 -6.281749969968775 -2.5000001 68.54554248479916 -2.426410402040515 -2.4999999 0 2 145 -146 
247 50.98782843577821 -6.281749969968821 -2.5000001 55.93529561806669 6.150212057550847 -2.4999999 0 2 146 -141 
18 39.74999989999999 -14.50000010000001 -1.000000073241069e-07 68.54554248479917 14.50000010000001 1.000000073241069e-07 1 123 6 118 119 -110 120 121 122 
26 -71.19829296824672 -16.0000001 -1.000000053290705e-07 -39.74999989999999 16.0000001 1.000000053290705e-07 1 123 6 123 124 -107 125 126 127 
27 -46.90566733597994 -13.33333343036016 -1.000000073241069e-07 44.82611563824564 13.33333344013972 1.000000073241069e-07 1 124 13 -105 106 -108 110 -112 111 -109 107 -113 -117 -116 -115 -114 
28 -30.7500001 -3.250000100000001 -1.000000008881784e-07 30.7500001 3.250000100000001 1.000000008881784e-07 1 125 5 116 117 113 114 115 
29 -27.5000001 3.249999899999999 -1.00000000891054e-07 27.5000001 3.250000100000001 0.8000001000000009 0 4 128 130 -129 -116 
30 -30.7500001 -3.2500001 -1.000000000028756e-07 -27.4999999 3.2500001 0.8000001 0 4 129 132 -131 -117 
31 -27.5000001 -3.250000100000001 -1.000000006690094e-07 27.5000001 -3.249999899999999 0.8000001000000007 0 4 131 134 -133 -113 
32 27.4999999 -3.250000100000001 -1.000000006690094e-07 30.7500001 9.999999983634211e-08 0.8000001000000007 0 4 133 136 -135 -114 
33 27.4999999 -1.000000009465651e-07 -1.00000000891054e-07 30.7500001 3.250000100000001 0.8000001000000009 0 4 135 137 -128 -115 
34 -30.7500001 -3.250000100000001 0.7999998999999992 30.7500001 3.250000100000001 0.8000001000000009 0 5 130 132 134 136 137 
35 -27.5000001 3.249999899999999 -0.8000001000000009 27.5000001 3.250000100000001 1.00000000891054e-07 0 4 138 140 -139 -116 
36 -30.7500001 -3.2500001 -0.8000001 -27.4999999 3.2500001 1.000000000028756e-07 0 4 139 142 -141 -117 
37 -27.5000001 -3.250000100000001 -0.8000001000000007 27.5000001 -3.249999899999999 1.000000006690094e-07 0 4 141 144 -143 -113 
38 27.4999999 -3.250000100000001 -0.8000001000000007 30.7500001 9.999999983634211e-08 1.000000006690094e-07 0 4 143 146 -145 -114 
39 27.4999999 -1.000000009465651e-07 -0.8000001000000009 30.7500001 3.250000100000001 1.00000000891054e-07 0 4 145 147 -138 -115 
40 -30.7500001 -3.250000100000001 -0.8000001000000009 30.7500001 3.250000100000001 -0.7999998999999992 0 5 140 142 144 146 147 
41 -46.9056673212367 -13.33333343036015 -9.999999994736442e-08 -20.92543947108618 -5.4999999 1.5000001 0 4 148 150 -149 -105 
42 -20.92543970257012 -5.500000131483944 -1.314839440658133e-07 29.87788491757787 -5.499999868516056 1.500000131483944 0 4 148 152 -151 -106 
43 -46.90566733597993 -13.33333343036016 -1.000000052764349e-07 -39.74999989999999 13.33333344013971 1.500000100000005 0 4 153 154 -149 -107 
44 29.87788468609392 -11.02000017493215 -9.999999994736442e-08 44.82611563824563 -5.4999999 1.5000001 0 4 155 156 -151 -108 
45 -46.90566733597993 5.4999999 -9.999999994736442e-08 -20.92543960126334 13.33333344013971 1.5000001 0 4 153 158 -157 -109 
46 39.74999989999999 -11.02000017493216 -1.000000072748364e-07 44.82611563824564 11.02000002372091 1.500000100000007 0 4 155 160 -159 -110 
47 -20.92543980126335 5.499999899999993 -1.000000070527918e-07 29.87788486153632 5.500000100000007 1.500000100000007 0 4 161 162 -157 -111 
48 29.87788466153631 5.4999999 -9.999999994736442e-08 44.82611546142387 11.02000002372091 1.5000001 0 4 161 163 -159 -112 
49 -27.5000001 -3.250000100000001 -1.000000006134982e-07 27.5000001 -3.249999899999999 1.500000100000001 0 4 164 166 -165 -113 
50 27.4999999 -3.250000100000001 -1.000000006134982e-07 30.7500001 9.999999983634211e-08 1.500000100000001 0 4 165 168 -167 -114 
51 27.4999999 -1.000000009465651e-07 -1.000000008355428e-07 30.7500001 3.250000100000001 1.500000100000001 0 4 167 170 -169 -115 
52 -27.5000001 3.249999899999999 -1.000000008355428e-07 27.5000001 3.250000100000001 1.500000100000001 0 4 169 172 -171 -116 
53 -30.7500001 -3.2500001 -9.999999994736442e-08 -27.4999999 3.2500001 1.5000001 0 4 171 173 -164 -117 
54 -46.90566733597994 -13.33333343036016 1.499999899999993 44.82611563824564 13.33333344013972 1.500000100000007 0 13 -150 152 -156 160 -163 162 -158 154 -166 -173 -172 -170 -168 
55 -46.9056673212367 -13.33333343036015 -1.5000001 -20.92543947108618 -5.4999999 9.999999994736442e-08 0 4 174 176 -175 -105 
56 -20.92543970257012 -5.500000131483944 -1.500000131483944 29.87788491757787 -5.499999868516056 1.314839440658133e-07 0 4 174 178 -177 -106 
57 -46.90566733597993 -13.33333343036016 -1.500000100000005 -39.74999989999999 13.33333344013971 1.000000052764349e-07 0 4 179 180 -175 -107 
58 29.87788468609392 -11.02000017493215 -1.5000001 44.82611563824563 -5.4999999 9.999999994736442e-08 0 4 181 182 -177 -108 
59 -46.90566733597993 5.4999999 -1.5000001 -20.92543960126334 13.33333344013971 9.999999994736442e-08 0 4 179 184 -183 -109 
60 39.74999989999999 -11.02000017493216 -1.500000100000007 44.82611563824564 11.02000002372091 1.000000072748364e-07 0 4 181 186 -185 -110 
61 -20.92543980126335 5.499999899999993 -1.500000100000007 29.87788486153632 5.500000100000007 1.000000070527918e-07 0 4 187 188 -183 -111 
62 29.87788466153631 5.4999999 -1.5000001 44.82611546142387 11.02000002372091 9.999999994736442e-08 0 4 187 189 -185 -112 
63 -27.5000001 -3.250000100000001 -1.500000100000001 27.5000001 -3.249999899999999 1.000000006134982e-07 0 4 190 192 -191 -113 
64 27.4999999 -3.250000100000001 -1.500000100000001 30.7500001 9.999999983634211e-08 1.000000006134982e-07 0 4 191 194 -193 -114 
65 27.4999999 -1.000000009465651e-07 -1.500000100000001 30.7500001 3.250000100000001 1.000000008355428e-07 0 4 193 196 -195 -115 
66 -27.5000001 3.249999899999999 -1.500000100000001 27.5000001 3.250000100000001 1.000000008355428e-07 0 4 195 198 -197 -116 
67 -30.7500001 -3.2500001 -1.5000001 -27.4999999 3.2500001 9.999999994736442e-08 0 4 197 199 -190 -117 
68 -46.90566733597994 -13.33333343036016 -1.500000100000007 44.82611563824564 13.33333344013972 -1.499999899999993 0 13 -176 178 -182 186 -189 188 -184 180 -192 -199 -198 -196 -194 
69 -66.22797398796054 -12.0918181272129 -1.000002212148132e-07 -49.5963044740466 -7.007006334074614 2.500000100000221 0 4 200 202 -201 -123 
70 -66.22797398796024 -16.0000001 -1.000000000583867e-07 -46.9056671212367 -12.09181792721259 2.5000001 0 4 201 204 -203 -124 
71 -46.90566733597993 -13.33333343036016 -1.000000053874572e-07 -39.74999989999999 13.33333344013971 2.500000100000005 0 4 205 206 -203 -107 
72 -71.19829296824659 4.165362724158472 -1.000000000583867e-07 -46.90566713597993 16.0000001 2.5000001 0 4 205 208 -207 -125 
73 -71.19829296824693 4.165362724158272 -1.000002256557053e-07 -54.56662345433299 9.250174517296594 2.500000100000225 0 4 207 210 -209 -126 
74 -54.56662365433329 -7.007006534074778 -1.000000000583867e-07 -48.48782843577821 9.250174517296257 2.5000001 0 4 209 211 -200 -127 
75 -71.19829296824672 -16.0000001 2.499999899999995 -39.74999989999999 16.0000001 2.500000100000005 0 6 202 204 -206 208 210 211 
76 52.13446325667097 6.150211857550703 -1.00000119074295e-07 64.74471032340377 10.00555142547882 2.500000100000119 0 4 212 214 -213 -118 
77 44.82611526142387 10.00555122547867 -1.000000000583867e-07 64.74471032340359 14.5000001 2.5000001 0 4 213 216 -215 -119 
78 39.74999989999999 -11.02000017493216 -1.000000073858587e-07 44.82611563824564 11.02000002372091 2.500000100000007 0 4 217 218 -215 -110 
79 44.82611543824563 -14.5000001 -1.000000000583867e-07 68.54554248479909 -2.42641040204051 2.5000001 0 4 217 220 -219 -120 
80 55.93529541806658 -6.281749969968907 -1.000001315087928e-07 68.5455424847993 -2.426410402040383 2.500000100000131 0 4 219 222 -221 -121 
81 50.98782843577821 -6.281749969968821 -1.000000000583867e-07 55.93529561806669 6.150212057550847 2.5000001 0 4 221 223 -212 -122 
82 39.74999989999999 -14.50000010000001 2.499999899999993 68.54554248479917 14.50000010000001 2.500000100000007 0 6 214 216 -218 220 222 223 
83 -66.22797398796054 -12.0918181272129 -2.500000100000221 -49.5963044740466 -7.007006334074614 1.000002212148132e-07 0 4 224 226 -225 -123 
84 -66.22797398796024 -16.0000001 -2.5000001 -46.9056671212367 -12.09181792721259 1.000000000583867e-07 0 4 225 228 -227 -124 
85 -46.90566733597993 -13.33333343036016 -2.500000100000005 -39.74999989999999 13.33333344013971 1.000000053874572e-07 0 4 229 230 -227 -107 
86 -71.19829296824659 4.165362724158472 -2.5000001 -46.90566713597993 16.0000001 1.000000000583867e-07 0 4 229 232 -231 -125 
87 -71.19829296824693 4.165362724158272 -2.500000100000225 -54.56662345433299 9.250174517296594 1.000002256557053e-07 0 4 231 234 -233 -126 
88 -54.56662365433329 -7.007006534074778 -2.5000001 -48.48782843577821 9.250174517296257 1.000000000583867e-07 0 4 233 235 -224 -127 
89 -71.19829296824672 -16.0000001 -2.500000100000005 -39.74999989999999 16.0000001 -2.499999899999995 0 6 226 228 -230 232 234 235 
90 52.13446325667097 6.150211857550703 -2.500000100000119 64.74471032340377 10.00555142547882 1.00000119074295e-07 0 4 236 238 -237 -118 
91 44.82611526142387 10.00555122547867 -2.5000001 64.74471032340359 14.5000001 1.000000000583867e-07 0 4 237 240 -239 -119 
92 39.74999989999999 -11.02000017493216 -2.500000100000007 44.82611563824564 11.02000002372091 1.000000073858587e-07 0 4 241 242 -239 -110 
93 44.82611543824563 -14.5000001 -2.5000001 68.54554248479909 -2.42641040204051 1.000000000583867e-07 0 4 241 244 -243 -120 
94 55.93529541806658 -6.281749969968907 -2.500000100000131 68.5455424847993 -2.426410402040383 1.000001315087928e-07 0 4 243 246 -245 -121 
95 50.98782843577821 -6.281749969968821 -2.5000001 55.93529561806669 6.150212057550847 1.000000000583867e-07 0 4 245 247 -236 -122 
96 39.74999989999999 -14.50000010000001 -2.500000100000007 68.54554248479917 14.50000010000001 -2.499999899999993 0 6 238 240 -242 244 246 247 
1 -30.7500001 -3.250000100000001 -1.00000000891054e-07 30.7500001 3.250000100000001 0.8000001000000009 0 7 -29 -30 -31 -32 -33 -28 34 
2 -30.7500001 -3.250000100000001 -0.8000001000000009 30.7500001 3.250000100000001 1.00000000891054e-07 0 7 35 36 37 38 39 28 -40 
3 -46.90566736746388 -13.3333334618441 -1.314839440658133e-07 44.82611566972957 13.33333347162365 1.500000131483944 0 15 41 -42 -43 44 45 -46 -47 48 49 50 51 52 53 -27 54 
4 -46.90566736746388 -13.3333334618441 -1.500000131483944 44.82611566972957 13.33333347162365 1.314839440658133e-07 0 15 -55 56 57 -58 -59 60 61 -62 -63 -64 -65 -66 -67 27 -68 
5 -71.19829296824693 -16.00000010000022 -1.000002256557053e-07 -39.74999989999977 16.00000010000022 2.500000100000225 0 8 -69 -70 71 -72 -73 -74 -26 75 
6 39.74999989999987 -14.50000010000013 -1.000001315087928e-07 68.5455424847993 14.50000010000013 2.500000100000131 0 8 -76 -77 78 -79 -80 -81 -18 82 
7 -71.19829296824693 -16.00000010000022 -2.500000100000225 -39.74999989999977 16.00000010000022 1.000002256557053e-07 0 8 83 84 -85 86 87 88 26 -89 
8 39.74999989999987 -14.50000010000013 -2.500000100000131 68.5455424847993 14.50000010000013 1.000001315087928e-07 0 8 90 91 -92 93 94 95 18 -96 
$EndEntities
